placing master instance in memory 60ff0000
ELAPSED(original) = 38.933055
ELAPSED(redfold) = 0.038975
ELAPSED(localize) = 0.296023
ELAPSED(redlist) = 0.066019
ELAPSED(redsingle) = 5.552273
