placing master instance in memory 60ff0000
ELAPSED(original) = 15.151912
ELAPSED(redfold) = 0.020086
ELAPSED(localize) = 0.242013
ELAPSED(redlist) = 0.071018
ELAPSED(redsingle) = 5.531355
