placing master instance in memory 60ff0000
ELAPSED(original) = 87.649937
ELAPSED(redfold) = 0.069225
ELAPSED(localize) = 0.883615
ELAPSED(redlist) = 0.078007
ELAPSED(redsingle) = 5.166316
